-8.607142072012966 41.150466542872785
-8.607142072012966 41.14911369470154
-8.608040387297086 41.14911369470154
-8.608040387297086 41.14843726014798
-8.607142072012966 41.14843726014798
-8.606243756728848 41.14843726014798
-8.605345441444728 41.14776081861582
-8.604447126160608 41.14776081861582
-8.60354881087649 41.14776081861582
-8.60265049559237 41.1470843701051
-8.60175218030825 41.1470843701051
-8.600853865024131 41.1470843701051
-8.599955549740011 41.14776081861582
-8.599057234455891 41.14843726014798
-8.598158919171771 41.14843726014798
-8.598158919171771 41.149790122276485
-8.597260603887651 41.151142956490425
-8.596362288603531 41.15317215547115
-8.596362288603531 41.15384854117391
-8.597260603887651 41.15384854117391
-8.599057234455891 41.15317215547115
-8.599955549740011 41.15317215547115
-8.599955549740011 41.151819363129384
-8.599955549740011 41.151142956490425
